10
-11      -1     -20     -13      19     -20       5      23       9     -16
-8     -10      -3       3      15     -22     -18       1     -21      -9
13       5      16      18       1     -21      14      -4     -11      -8
5       5      17       9      16      12      15      -3       9      -2
7     -23      14     -22       6       4     -19      12     -19     -14
-23      19      15      18      11      -8      21       1      12     -13
19      -9      16      10     -24       6      -4      17     -21     -19
-11      10     -18     -22      12      13       8      19       1      13
-21       3       6      20      -3      -7     -13      -8      20      25
5      13      -9      -3      -3      -7     -21      19     -15     -18